Y\X        | 0.4500E+02| 0.4600E+02| 0.4700E+02|
------------------------------------------------
 0.8900E+02| 0.5730E+02| 0.5933E+02| 0.6145E+02|
------------------------------------------------
 0.8901E+02| 0.5788E+02| 0.5993E+02| 0.6207E+02|
------------------------------------------------
 0.8902E+02| 0.5847E+02| 0.6055E+02| 0.6270E+02|
------------------------------------------------
 0.8903E+02| 0.5907E+02| 0.6117E+02| 0.6335E+02|
------------------------------------------------
 0.8904E+02| 0.5969E+02| 0.6181E+02| 0.6401E+02|
------------------------------------------------
 0.8905E+02| 0.6031E+02| 0.6246E+02| 0.6468E+02|
------------------------------------------------
 0.8906E+02| 0.6096E+02| 0.6312E+02| 0.6537E+02|
------------------------------------------------
 0.8907E+02| 0.6161E+02| 0.6380E+02| 0.6607E+02|
------------------------------------------------
 0.8908E+02| 0.6228E+02| 0.6449E+02| 0.6679E+02|
------------------------------------------------
 0.8909E+02| 0.6296E+02| 0.6520E+02| 0.6752E+02|
------------------------------------------------
 0.8910E+02| 0.6366E+02| 0.6593E+02| 0.6827E+02|
------------------------------------------------
 0.8911E+02| 0.6438E+02| 0.6667E+02| 0.6904E+02|
------------------------------------------------
 0.8912E+02| 0.6511E+02| 0.6743E+02| 0.6982E+02|
------------------------------------------------
 0.8913E+02| 0.6586E+02| 0.6820E+02| 0.7063E+02|
------------------------------------------------
 0.8914E+02| 0.6663E+02| 0.6899E+02| 0.7145E+02|
------------------------------------------------
 0.8915E+02| 0.6741E+02| 0.6980E+02| 0.7229E+02|
------------------------------------------------
 0.8916E+02| 0.6821E+02| 0.7064E+02| 0.7315E+02|
------------------------------------------------
 0.8917E+02| 0.6903E+02| 0.7149E+02| 0.7403E+02|
------------------------------------------------
 0.8918E+02| 0.6988E+02| 0.7236E+02| 0.7493E+02|
------------------------------------------------
 0.8919E+02| 0.7074E+02| 0.7325E+02| 0.7586E+02|
------------------------------------------------
 0.8920E+02| 0.7162E+02| 0.7417E+02| 0.7680E+02|
------------------------------------------------
 0.8921E+02| 0.7253E+02| 0.7511E+02| 0.7778E+02|
------------------------------------------------
 0.8922E+02| 0.7346E+02| 0.7607E+02| 0.7877E+02|
------------------------------------------------
 0.8923E+02| 0.7441E+02| 0.7706E+02| 0.7980E+02|
------------------------------------------------
 0.8924E+02| 0.7539E+02| 0.7807E+02| 0.8085E+02|
------------------------------------------------
 0.8925E+02| 0.7640E+02| 0.7911E+02| 0.8193E+02|
------------------------------------------------
 0.8926E+02| 0.7743E+02| 0.8018E+02| 0.8303E+02|
------------------------------------------------
 0.8927E+02| 0.7849E+02| 0.8128E+02| 0.8417E+02|
------------------------------------------------
 0.8928E+02| 0.7958E+02| 0.8241E+02| 0.8534E+02|
------------------------------------------------
 0.8929E+02| 0.8070E+02| 0.8357E+02| 0.8654E+02|
------------------------------------------------
 0.8930E+02| 0.8185E+02| 0.8476E+02| 0.8778E+02|
------------------------------------------------
 0.8931E+02| 0.8304E+02| 0.8599E+02| 0.8905E+02|
------------------------------------------------
 0.8932E+02| 0.8426E+02| 0.8725E+02| 0.9036E+02|
------------------------------------------------
 0.8933E+02| 0.8552E+02| 0.8856E+02| 0.9171E+02|
------------------------------------------------
 0.8934E+02| 0.8681E+02| 0.8990E+02| 0.9310E+02|
------------------------------------------------
 0.8935E+02| 0.8815E+02| 0.9128E+02| 0.9453E+02|
------------------------------------------------
 0.8936E+02| 0.8953E+02| 0.9271E+02| 0.9601E+02|
------------------------------------------------
 0.8937E+02| 0.9095E+02| 0.9418E+02| 0.9753E+02|
------------------------------------------------
 0.8938E+02| 0.9241E+02| 0.9570E+02| 0.9910E+02|
------------------------------------------------
 0.8939E+02| 0.9393E+02| 0.9727E+02| 0.1007E+03|
------------------------------------------------
 0.8940E+02| 0.9550E+02| 0.9889E+02| 0.1024E+03|
------------------------------------------------
 0.8941E+02| 0.9711E+02| 0.1006E+03| 0.1041E+03|
------------------------------------------------
 0.8942E+02| 0.9879E+02| 0.1023E+03| 0.1059E+03|
------------------------------------------------
 0.8943E+02| 0.1005E+03| 0.1041E+03| 0.1078E+03|
------------------------------------------------
 0.8944E+02| 0.1023E+03| 0.1060E+03| 0.1097E+03|
------------------------------------------------
 0.8945E+02| 0.1042E+03| 0.1079E+03| 0.1117E+03|
------------------------------------------------
 0.8946E+02| 0.1061E+03| 0.1099E+03| 0.1138E+03|
------------------------------------------------
 0.8947E+02| 0.1081E+03| 0.1119E+03| 0.1159E+03|
------------------------------------------------
 0.8948E+02| 0.1102E+03| 0.1141E+03| 0.1182E+03|
------------------------------------------------
 0.8949E+02| 0.1123E+03| 0.1163E+03| 0.1205E+03|
------------------------------------------------
 0.8950E+02| 0.1146E+03| 0.1187E+03| 0.1229E+03|
------------------------------------------------
 0.8951E+02| 0.1169E+03| 0.1211E+03| 0.1254E+03|
------------------------------------------------
 0.8952E+02| 0.1194E+03| 0.1236E+03| 0.1280E+03|
------------------------------------------------
 0.8953E+02| 0.1219E+03| 0.1262E+03| 0.1307E+03|
------------------------------------------------
 0.8954E+02| 0.1246E+03| 0.1290E+03| 0.1336E+03|
------------------------------------------------
 0.8955E+02| 0.1273E+03| 0.1318E+03| 0.1365E+03|
------------------------------------------------
 0.8956E+02| 0.1302E+03| 0.1348E+03| 0.1396E+03|
------------------------------------------------
 0.8957E+02| 0.1332E+03| 0.1380E+03| 0.1429E+03|
------------------------------------------------
 0.8958E+02| 0.1364E+03| 0.1413E+03| 0.1463E+03|
------------------------------------------------
 0.8959E+02| 0.1397E+03| 0.1447E+03| 0.1499E+03|
------------------------------------------------
 0.8960E+02| 0.1432E+03| 0.1483E+03| 0.1536E+03|
------------------------------------------------
 0.8961E+02| 0.1469E+03| 0.1521E+03| 0.1575E+03|
------------------------------------------------
 0.8962E+02| 0.1508E+03| 0.1561E+03| 0.1617E+03|
------------------------------------------------
 0.8963E+02| 0.1549E+03| 0.1604E+03| 0.1661E+03|
------------------------------------------------
 0.8964E+02| 0.1592E+03| 0.1648E+03| 0.1707E+03|
------------------------------------------------
 0.8965E+02| 0.1637E+03| 0.1695E+03| 0.1756E+03|
------------------------------------------------
 0.8966E+02| 0.1685E+03| 0.1745E+03| 0.1807E+03|
------------------------------------------------
 0.8967E+02| 0.1736E+03| 0.1798E+03| 0.1862E+03|
------------------------------------------------
 0.8968E+02| 0.1791E+03| 0.1854E+03| 0.1920E+03|
------------------------------------------------
 0.8969E+02| 0.1848E+03| 0.1914E+03| 0.1982E+03|
------------------------------------------------
 0.8970E+02| 0.1910E+03| 0.1978E+03| 0.2048E+03|
------------------------------------------------
 0.8971E+02| 0.1976E+03| 0.2046E+03| 0.2119E+03|
------------------------------------------------
 0.8972E+02| 0.2046E+03| 0.2119E+03| 0.2194E+03|
------------------------------------------------
 0.8973E+02| 0.2122E+03| 0.2198E+03| 0.2276E+03|
------------------------------------------------
 0.8974E+02| 0.2204E+03| 0.2282E+03| 0.2363E+03|
------------------------------------------------
 0.8975E+02| 0.2292E+03| 0.2373E+03| 0.2458E+03|
------------------------------------------------
 0.8976E+02| 0.2387E+03| 0.2472E+03| 0.2560E+03|
------------------------------------------------
 0.8977E+02| 0.2491E+03| 0.2580E+03| 0.2671E+03|
------------------------------------------------
 0.8978E+02| 0.2604E+03| 0.2697E+03| 0.2793E+03|
------------------------------------------------
 0.8979E+02| 0.2728E+03| 0.2825E+03| 0.2926E+03|
------------------------------------------------
 0.8980E+02| 0.2865E+03| 0.2967E+03| 0.3072E+03|
------------------------------------------------
 0.8981E+02| 0.3016E+03| 0.3123E+03| 0.3234E+03|
------------------------------------------------
 0.8982E+02| 0.3183E+03| 0.3296E+03| 0.3413E+03|
------------------------------------------------
 0.8983E+02| 0.3370E+03| 0.3490E+03| 0.3614E+03|
------------------------------------------------
 0.8984E+02| 0.3581E+03| 0.3708E+03| 0.3840E+03|
------------------------------------------------
 0.8985E+02| 0.3820E+03| 0.3955E+03| 0.4096E+03|
------------------------------------------------
 0.8986E+02| 0.4093E+03| 0.4238E+03| 0.4389E+03|
------------------------------------------------
 0.8987E+02| 0.4407E+03| 0.4564E+03| 0.4726E+03|
------------------------------------------------
 0.8988E+02| 0.4775E+03| 0.4944E+03| 0.5120E+03|
------------------------------------------------
 0.8989E+02| 0.5209E+03| 0.5394E+03| 0.5586E+03|
------------------------------------------------
 0.8990E+02| 0.5730E+03| 0.5933E+03| 0.6144E+03|
------------------------------------------------
 0.8991E+02| 0.6367E+03| 0.6593E+03| 0.6828E+03|
------------------------------------------------
 0.8992E+02| 0.7162E+03| 0.7416E+03| 0.7680E+03|
------------------------------------------------
 0.8993E+02| 0.8185E+03| 0.8476E+03| 0.8777E+03|
------------------------------------------------
 0.8994E+02| 0.9550E+03| 0.9890E+03| 0.1024E+04|
------------------------------------------------
 0.8995E+02| 0.1146E+04| 0.1187E+04| 0.1229E+04|
------------------------------------------------
 0.8996E+02| 0.1433E+04| 0.1483E+04| 0.1536E+04|
------------------------------------------------
 0.8997E+02| 0.1910E+04| 0.1978E+04| 0.2048E+04|
------------------------------------------------
 0.8998E+02| 0.2865E+04| 0.2967E+04| 0.3073E+04|
------------------------------------------------
 0.8999E+02| 0.5731E+04| 0.5935E+04| 0.6146E+04|
------------------------------------------------
 0.9000E+02|    inf    |    inf    |    inf    |
------------------------------------------------
 0.9001E+02|-0.5728E+04|-0.5932E+04|-0.6143E+04|
------------------------------------------------

