Y\X        |-0.5000E-06|-0.4000E-06|-0.3000E-06|-0.2000E-06|-0.1000E-06| 0.0000E+00| 0.1000E-06|
------------------------------------------------------------------------------------------------
 0.8995E+02|-0.1000E-04|-0.8000E-05|-0.6000E-05|-0.4000E-05|-0.2000E-05| 0.0000E+00| 0.2000E-05|
------------------------------------------------------------------------------------------------
 0.8996E+02|-0.1250E-04|-0.1000E-04|-0.7501E-05|-0.5001E-05|-0.2500E-05| 0.0000E+00| 0.2500E-05|
------------------------------------------------------------------------------------------------
 0.8997E+02|-0.1667E-04|-0.1333E-04|-0.9999E-05|-0.6666E-05|-0.3333E-05| 0.0000E+00| 0.3333E-05|
------------------------------------------------------------------------------------------------
 0.8998E+02|-0.2500E-04|-0.2000E-04|-0.1500E-04|-0.9998E-05|-0.4999E-05| 0.0000E+00| 0.4999E-05|
------------------------------------------------------------------------------------------------
 0.8999E+02|-0.5002E-04|-0.4001E-04|-0.3001E-04|-0.2001E-04|-0.1000E-04| 0.0000E+00| 0.1000E-04|
------------------------------------------------------------------------------------------------
 0.9000E+02|    inf    |    inf    |    inf    |    inf    |    inf    |    nan    |    inf    |
------------------------------------------------------------------------------------------------
 0.9001E+02| 0.5002E-04| 0.4002E-04| 0.3001E-04| 0.2001E-04| 0.1000E-04| 0.0000E+00|-0.1000E-04|
------------------------------------------------------------------------------------------------

