Y\X        | 0.4500E+02| 0.4600E+02| 0.4700E+02| 0.4800E+02| 0.4900E+02|
------------------------------------------------------------------------
-0.9900E-05| 0.1000E+01| 0.1036E+01| 0.1072E+01| 0.1111E+01| 0.1150E+01|
------------------------------------------------------------------------
-0.9800E-05| 0.1000E+01| 0.1036E+01| 0.1072E+01| 0.1111E+01| 0.1150E+01|
------------------------------------------------------------------------
-0.9700E-05| 0.1000E+01| 0.1036E+01| 0.1072E+01| 0.1111E+01| 0.1150E+01|
------------------------------------------------------------------------
-0.9600E-05| 0.1000E+01| 0.1036E+01| 0.1072E+01| 0.1111E+01| 0.1150E+01|
------------------------------------------------------------------------
-0.9500E-05| 0.1000E+01| 0.1036E+01| 0.1072E+01| 0.1111E+01| 0.1150E+01|
------------------------------------------------------------------------
-0.9400E-05| 0.1000E+01| 0.1036E+01| 0.1072E+01| 0.1111E+01| 0.1150E+01|
------------------------------------------------------------------------
-0.9300E-05| 0.1000E+01| 0.1036E+01| 0.1072E+01| 0.1111E+01| 0.1150E+01|
------------------------------------------------------------------------
-0.9200E-05| 0.1000E+01| 0.1036E+01| 0.1072E+01| 0.1111E+01| 0.1150E+01|
------------------------------------------------------------------------
-0.9100E-05| 0.1000E+01| 0.1036E+01| 0.1072E+01| 0.1111E+01| 0.1150E+01|
------------------------------------------------------------------------
-0.9000E-05| 0.1000E+01| 0.1036E+01| 0.1072E+01| 0.1111E+01| 0.1150E+01|
------------------------------------------------------------------------
-0.8900E-05| 0.1000E+01| 0.1036E+01| 0.1072E+01| 0.1111E+01| 0.1150E+01|
------------------------------------------------------------------------
-0.8800E-05| 0.1000E+01| 0.1036E+01| 0.1072E+01| 0.1111E+01| 0.1150E+01|
------------------------------------------------------------------------
-0.8700E-05| 0.1000E+01| 0.1036E+01| 0.1072E+01| 0.1111E+01| 0.1150E+01|
------------------------------------------------------------------------
-0.8600E-05| 0.1000E+01| 0.1036E+01| 0.1072E+01| 0.1111E+01| 0.1150E+01|
------------------------------------------------------------------------
-0.8500E-05| 0.1000E+01| 0.1036E+01| 0.1072E+01| 0.1111E+01| 0.1150E+01|
------------------------------------------------------------------------
-0.8400E-05| 0.1000E+01| 0.1036E+01| 0.1072E+01| 0.1111E+01| 0.1150E+01|
------------------------------------------------------------------------
-0.8300E-05| 0.1000E+01| 0.1036E+01| 0.1072E+01| 0.1111E+01| 0.1150E+01|
------------------------------------------------------------------------
-0.8200E-05| 0.1000E+01| 0.1036E+01| 0.1072E+01| 0.1111E+01| 0.1150E+01|
------------------------------------------------------------------------
-0.8100E-05| 0.1000E+01| 0.1036E+01| 0.1072E+01| 0.1111E+01| 0.1150E+01|
------------------------------------------------------------------------
-0.8000E-05| 0.1000E+01| 0.1036E+01| 0.1072E+01| 0.1111E+01| 0.1150E+01|
------------------------------------------------------------------------
-0.7900E-05| 0.1000E+01| 0.1036E+01| 0.1072E+01| 0.1111E+01| 0.1150E+01|
------------------------------------------------------------------------
-0.7800E-05| 0.1000E+01| 0.1036E+01| 0.1072E+01| 0.1111E+01| 0.1150E+01|
------------------------------------------------------------------------
-0.7700E-05| 0.1000E+01| 0.1036E+01| 0.1072E+01| 0.1111E+01| 0.1150E+01|
------------------------------------------------------------------------
-0.7600E-05| 0.1000E+01| 0.1036E+01| 0.1072E+01| 0.1111E+01| 0.1150E+01|
------------------------------------------------------------------------
-0.7500E-05| 0.1000E+01| 0.1036E+01| 0.1072E+01| 0.1111E+01| 0.1150E+01|
------------------------------------------------------------------------
-0.7400E-05| 0.1000E+01| 0.1036E+01| 0.1072E+01| 0.1111E+01| 0.1150E+01|
------------------------------------------------------------------------
-0.7300E-05| 0.1000E+01| 0.1036E+01| 0.1072E+01| 0.1111E+01| 0.1150E+01|
------------------------------------------------------------------------
-0.7200E-05| 0.1000E+01| 0.1036E+01| 0.1072E+01| 0.1111E+01| 0.1150E+01|
------------------------------------------------------------------------
-0.7100E-05| 0.1000E+01| 0.1036E+01| 0.1072E+01| 0.1111E+01| 0.1150E+01|
------------------------------------------------------------------------
-0.7000E-05| 0.1000E+01| 0.1036E+01| 0.1072E+01| 0.1111E+01| 0.1150E+01|
------------------------------------------------------------------------
-0.6900E-05| 0.1000E+01| 0.1036E+01| 0.1072E+01| 0.1111E+01| 0.1150E+01|
------------------------------------------------------------------------
-0.6800E-05| 0.1000E+01| 0.1036E+01| 0.1072E+01| 0.1111E+01| 0.1150E+01|
------------------------------------------------------------------------
-0.6700E-05| 0.1000E+01| 0.1036E+01| 0.1072E+01| 0.1111E+01| 0.1150E+01|
------------------------------------------------------------------------
-0.6600E-05| 0.1000E+01| 0.1036E+01| 0.1072E+01| 0.1111E+01| 0.1150E+01|
------------------------------------------------------------------------
-0.6500E-05| 0.1000E+01| 0.1036E+01| 0.1072E+01| 0.1111E+01| 0.1150E+01|
------------------------------------------------------------------------
-0.6400E-05| 0.1000E+01| 0.1036E+01| 0.1072E+01| 0.1111E+01| 0.1150E+01|
------------------------------------------------------------------------
-0.6300E-05| 0.1000E+01| 0.1036E+01| 0.1072E+01| 0.1111E+01| 0.1150E+01|
------------------------------------------------------------------------
-0.6200E-05| 0.1000E+01| 0.1036E+01| 0.1072E+01| 0.1111E+01| 0.1150E+01|
------------------------------------------------------------------------
-0.6100E-05| 0.1000E+01| 0.1036E+01| 0.1072E+01| 0.1111E+01| 0.1150E+01|
------------------------------------------------------------------------
-0.6000E-05| 0.1000E+01| 0.1036E+01| 0.1072E+01| 0.1111E+01| 0.1150E+01|
------------------------------------------------------------------------
-0.5900E-05| 0.1000E+01| 0.1036E+01| 0.1072E+01| 0.1111E+01| 0.1150E+01|
------------------------------------------------------------------------
-0.5800E-05| 0.1000E+01| 0.1036E+01| 0.1072E+01| 0.1111E+01| 0.1150E+01|
------------------------------------------------------------------------
-0.5700E-05| 0.1000E+01| 0.1036E+01| 0.1072E+01| 0.1111E+01| 0.1150E+01|
------------------------------------------------------------------------
-0.5600E-05| 0.1000E+01| 0.1036E+01| 0.1072E+01| 0.1111E+01| 0.1150E+01|
------------------------------------------------------------------------
-0.5500E-05| 0.1000E+01| 0.1036E+01| 0.1072E+01| 0.1111E+01| 0.1150E+01|
------------------------------------------------------------------------
-0.5400E-05| 0.1000E+01| 0.1036E+01| 0.1072E+01| 0.1111E+01| 0.1150E+01|
------------------------------------------------------------------------
-0.5300E-05| 0.1000E+01| 0.1036E+01| 0.1072E+01| 0.1111E+01| 0.1150E+01|
------------------------------------------------------------------------
-0.5200E-05| 0.1000E+01| 0.1036E+01| 0.1072E+01| 0.1111E+01| 0.1150E+01|
------------------------------------------------------------------------
-0.5100E-05| 0.1000E+01| 0.1036E+01| 0.1072E+01| 0.1111E+01| 0.1150E+01|
------------------------------------------------------------------------
-0.5000E-05| 0.1000E+01| 0.1036E+01| 0.1072E+01| 0.1111E+01| 0.1150E+01|
------------------------------------------------------------------------
-0.4900E-05| 0.1000E+01| 0.1036E+01| 0.1072E+01| 0.1111E+01| 0.1150E+01|
------------------------------------------------------------------------
-0.4800E-05| 0.1000E+01| 0.1036E+01| 0.1072E+01| 0.1111E+01| 0.1150E+01|
------------------------------------------------------------------------
-0.4700E-05| 0.1000E+01| 0.1036E+01| 0.1072E+01| 0.1111E+01| 0.1150E+01|
------------------------------------------------------------------------
-0.4600E-05| 0.1000E+01| 0.1036E+01| 0.1072E+01| 0.1111E+01| 0.1150E+01|
------------------------------------------------------------------------
-0.4500E-05| 0.1000E+01| 0.1036E+01| 0.1072E+01| 0.1111E+01| 0.1150E+01|
------------------------------------------------------------------------
-0.4400E-05| 0.1000E+01| 0.1036E+01| 0.1072E+01| 0.1111E+01| 0.1150E+01|
------------------------------------------------------------------------
-0.4300E-05| 0.1000E+01| 0.1036E+01| 0.1072E+01| 0.1111E+01| 0.1150E+01|
------------------------------------------------------------------------
-0.4200E-05| 0.1000E+01| 0.1036E+01| 0.1072E+01| 0.1111E+01| 0.1150E+01|
------------------------------------------------------------------------
-0.4100E-05| 0.1000E+01| 0.1036E+01| 0.1072E+01| 0.1111E+01| 0.1150E+01|
------------------------------------------------------------------------
-0.4000E-05| 0.1000E+01| 0.1036E+01| 0.1072E+01| 0.1111E+01| 0.1150E+01|
------------------------------------------------------------------------
-0.3900E-05| 0.1000E+01| 0.1036E+01| 0.1072E+01| 0.1111E+01| 0.1150E+01|
------------------------------------------------------------------------
-0.3800E-05| 0.1000E+01| 0.1036E+01| 0.1072E+01| 0.1111E+01| 0.1150E+01|
------------------------------------------------------------------------
-0.3700E-05| 0.1000E+01| 0.1036E+01| 0.1072E+01| 0.1111E+01| 0.1150E+01|
------------------------------------------------------------------------
-0.3600E-05| 0.1000E+01| 0.1036E+01| 0.1072E+01| 0.1111E+01| 0.1150E+01|
------------------------------------------------------------------------
-0.3500E-05| 0.1000E+01| 0.1036E+01| 0.1072E+01| 0.1111E+01| 0.1150E+01|
------------------------------------------------------------------------
-0.3400E-05| 0.1000E+01| 0.1036E+01| 0.1072E+01| 0.1111E+01| 0.1150E+01|
------------------------------------------------------------------------
-0.3300E-05| 0.1000E+01| 0.1036E+01| 0.1072E+01| 0.1111E+01| 0.1150E+01|
------------------------------------------------------------------------
-0.3200E-05| 0.1000E+01| 0.1036E+01| 0.1072E+01| 0.1111E+01| 0.1150E+01|
------------------------------------------------------------------------
-0.3100E-05| 0.1000E+01| 0.1036E+01| 0.1072E+01| 0.1111E+01| 0.1150E+01|
------------------------------------------------------------------------
-0.3000E-05| 0.1000E+01| 0.1036E+01| 0.1072E+01| 0.1111E+01| 0.1150E+01|
------------------------------------------------------------------------
-0.2900E-05| 0.1000E+01| 0.1036E+01| 0.1072E+01| 0.1111E+01| 0.1150E+01|
------------------------------------------------------------------------
-0.2800E-05| 0.1000E+01| 0.1036E+01| 0.1072E+01| 0.1111E+01| 0.1150E+01|
------------------------------------------------------------------------
-0.2700E-05| 0.1000E+01| 0.1036E+01| 0.1072E+01| 0.1111E+01| 0.1150E+01|
------------------------------------------------------------------------
-0.2600E-05| 0.1000E+01| 0.1036E+01| 0.1072E+01| 0.1111E+01| 0.1150E+01|
------------------------------------------------------------------------
-0.2500E-05| 0.1000E+01| 0.1036E+01| 0.1072E+01| 0.1111E+01| 0.1150E+01|
------------------------------------------------------------------------
-0.2400E-05| 0.1000E+01| 0.1036E+01| 0.1072E+01| 0.1111E+01| 0.1150E+01|
------------------------------------------------------------------------
-0.2300E-05| 0.1000E+01| 0.1036E+01| 0.1072E+01| 0.1111E+01| 0.1150E+01|
------------------------------------------------------------------------
-0.2200E-05| 0.1000E+01| 0.1036E+01| 0.1072E+01| 0.1111E+01| 0.1150E+01|
------------------------------------------------------------------------
-0.2100E-05| 0.1000E+01| 0.1036E+01| 0.1072E+01| 0.1111E+01| 0.1150E+01|
------------------------------------------------------------------------
-0.2000E-05| 0.1000E+01| 0.1036E+01| 0.1072E+01| 0.1111E+01| 0.1150E+01|
------------------------------------------------------------------------
-0.1900E-05| 0.1000E+01| 0.1036E+01| 0.1072E+01| 0.1111E+01| 0.1150E+01|
------------------------------------------------------------------------
-0.1800E-05| 0.1000E+01| 0.1036E+01| 0.1072E+01| 0.1111E+01| 0.1150E+01|
------------------------------------------------------------------------
-0.1700E-05| 0.1000E+01| 0.1036E+01| 0.1072E+01| 0.1111E+01| 0.1150E+01|
------------------------------------------------------------------------
-0.1600E-05| 0.1000E+01| 0.1036E+01| 0.1072E+01| 0.1111E+01| 0.1150E+01|
------------------------------------------------------------------------
-0.1500E-05| 0.1000E+01| 0.1036E+01| 0.1072E+01| 0.1111E+01| 0.1150E+01|
------------------------------------------------------------------------
-0.1400E-05| 0.1000E+01| 0.1036E+01| 0.1072E+01| 0.1111E+01| 0.1150E+01|
------------------------------------------------------------------------
-0.1300E-05| 0.1000E+01| 0.1036E+01| 0.1072E+01| 0.1111E+01| 0.1150E+01|
------------------------------------------------------------------------
-0.1200E-05| 0.1000E+01| 0.1036E+01| 0.1072E+01| 0.1111E+01| 0.1150E+01|
------------------------------------------------------------------------
-0.1100E-05| 0.1000E+01| 0.1036E+01| 0.1072E+01| 0.1111E+01| 0.1150E+01|
------------------------------------------------------------------------
-0.1000E-05| 0.1000E+01| 0.1036E+01| 0.1072E+01| 0.1111E+01| 0.1150E+01|
------------------------------------------------------------------------
-0.9000E-06| 0.1000E+01| 0.1036E+01| 0.1072E+01| 0.1111E+01| 0.1150E+01|
------------------------------------------------------------------------
-0.8000E-06| 0.1000E+01| 0.1036E+01| 0.1072E+01| 0.1111E+01| 0.1150E+01|
------------------------------------------------------------------------
-0.7000E-06| 0.1000E+01| 0.1036E+01| 0.1072E+01| 0.1111E+01| 0.1150E+01|
------------------------------------------------------------------------
-0.6000E-06| 0.1000E+01| 0.1036E+01| 0.1072E+01| 0.1111E+01| 0.1150E+01|
------------------------------------------------------------------------
-0.5000E-06| 0.1000E+01| 0.1036E+01| 0.1072E+01| 0.1111E+01| 0.1150E+01|
------------------------------------------------------------------------
-0.4000E-06| 0.1000E+01| 0.1036E+01| 0.1072E+01| 0.1111E+01| 0.1150E+01|
------------------------------------------------------------------------
-0.3000E-06| 0.1000E+01| 0.1036E+01| 0.1072E+01| 0.1111E+01| 0.1150E+01|
------------------------------------------------------------------------
-0.2000E-06| 0.1000E+01| 0.1036E+01| 0.1072E+01| 0.1111E+01| 0.1150E+01|
------------------------------------------------------------------------
-0.1000E-06| 0.1000E+01| 0.1036E+01| 0.1072E+01| 0.1111E+01| 0.1150E+01|
------------------------------------------------------------------------
 0.0000E+00| 0.1000E+01| 0.1036E+01| 0.1072E+01| 0.1111E+01| 0.1150E+01|
------------------------------------------------------------------------
 0.1000E-06| 0.1000E+01| 0.1036E+01| 0.1072E+01| 0.1111E+01| 0.1150E+01|
------------------------------------------------------------------------
